-1.39662 -1.39662 -1.42329 -1.44996 -1.47662 -1.50329 -1.52996 -1.55662 -1.55662 -1.52996 -1.50329 -1.47662 -1.44996 -1.42329 -1.39662 -1.36996 -1.34329 -1.31662 -1.28996 -1.26329 
-1.51481 -1.51481 -1.54148 -1.56815 -1.59481 -1.62148 -1.64815 -1.64815 -1.62148 -1.59481 -1.56815 -1.54148 -1.51481 -1.48815 -1.46148 -1.43481 -1.40815 -1.38148 -1.35481 -1.32815 
-1.58833 -1.58833 -1.61499 -1.64166 -1.66833 -1.69499 -1.69499 -1.66833 -1.64166 -1.61499 -1.58833 -1.56166 -1.53499 -1.50833 -1.48166 -1.45499 -1.42833 -1.40166 -1.37499 -1.34833 
-1.61626 -1.61626 -1.64292 -1.66959 -1.69626 -1.69626 -1.66959 -1.64292 -1.61626 -1.58959 -1.56292 -1.53626 -1.50959 -1.48292 -1.45626 -1.42959 -1.40292 -1.37626 -1.34959 -1.32292 
-1.59852 -1.59852 -1.62519 -1.65186 -1.67852 -1.65186 -1.62519 -1.59852 -1.57186 -1.54519 -1.51852 -1.49186 -1.46519 -1.43852 -1.41186 -1.38519 -1.35852 -1.33186 -1.30519 -1.27852 
-1.53504 -1.53504 -1.56171 -1.58838 -1.56171 -1.53504 -1.50838 -1.48171 -1.45504 -1.42838 -1.40171 -1.37504 -1.34838 -1.32171 -1.29504 -1.26838 -1.24171 -1.21504 -1.18838 -1.16171 
-1.42588 -1.42588 -1.42588 -1.42588 -1.39922 -1.37255 -1.34588 -1.31922 -1.29255 -1.26588 -1.23922 -1.21255 -1.18588 -1.15922 -1.13255 -1.10588 -1.07922 -1.05255 -1.02588 -0.999215 
-1.27128 -1.27128 -1.24462 -1.21795 -1.19128 -1.16462 -1.13795 -1.11128 -1.08462 -1.05795 -1.03128 -1.00462 -0.97795 -0.951283 -0.924616 -0.89795 -0.871283 -0.844616 -0.81795 -0.791283 
-1.07411 -1.07411 -1.04744 -1.02077 -0.994105 -0.967438 -0.940772 -0.914105 -0.887438 -0.860772 -0.834105 -0.807438 -0.780772 -0.754105 -0.727438 -0.700772 -0.674105 -0.647438 -0.620772 -0.594105 
-0.850366 -0.850366 -0.8237 -0.797033 -0.770366 -0.7437 -0.717033 -0.690366 -0.6637 -0.637033 -0.610366 -0.5837 -0.557033 -0.530366 -0.5037 -0.477033 -0.450366 -0.4237 -0.397033 -0.370366 
-0.612255 -0.612255 -0.585588 -0.558922 -0.532255 -0.505588 -0.478922 -0.452255 -0.425588 -0.398922 -0.372255 -0.345588 -0.318922 -0.292255 -0.265588 -0.238922 -0.212255 -0.185588 -0.158922 -0.132255 
-0.365386 -0.365386 -0.33872 -0.312053 -0.285386 -0.25872 -0.232053 -0.205386 -0.17872 -0.152053 -0.125386 -0.0987197 -0.0720531 -0.0453864 -0.0187197 0.00794693 0.0346136 0.0612803 0.0879469 0.114614 
-0.113179 -0.113179 -0.0865125 -0.0598459 -0.0331792 -0.0331792 -0.0331792 -0.0331792 -0.0331792 -0.0331792 -0.0331792 -0.0331792 -0.0331792 -0.0331792 -0.0331792 -0.0331792 -0.0331792 -0.0331792 -0.0331792 -0.0331792 
0.141685 0.141685 0.168352 0.195019 0.221685 0.248352 0.275019 0.301685 0.328352 0.355019 0.381685 0.355019 0.328352 0.301685 0.275019 0.248352 0.221685 0.195019 0.168352 0.141685 
0.393733 0.393733 0.420399 0.447066 0.473733 0.500399 0.527066 0.553733 0.580399 0.607066 0.633733 0.607066 0.580399 0.553733 0.527066 0.500399 0.473733 0.447066 0.420399 0.393733 
0.631784 0.631784 0.658451 0.685118 0.711784 0.738451 0.765118 0.791784 0.818451 0.845118 0.818451 0.791784 0.765118 0.738451 0.711784 0.685118 0.658451 0.631784 0.605118 0.578451 
0.838213 0.838213 0.86488 0.891547 0.918213 0.94488 0.971547 0.998213 1.02488 1.02488 0.998213 0.971547 0.94488 0.918213 0.891547 0.86488 0.838213 0.811547 0.78488 0.758213 
1.00154 1.00154 1.02821 1.05487 1.08154 1.10821 1.13487 1.16154 1.16154 1.13487 1.10821 1.08154 1.05487 1.02821 1.00154 0.974872 0.948206 0.921539 0.894872 0.868206 
1.12304 1.12304 1.14971 1.17637 1.20304 1.22971 1.25637 1.25637 1.22971 1.20304 1.17637 1.14971 1.12304 1.09637 1.06971 1.04304 1.01637 0.989707 0.96304 0.936373 
1.20462 1.20462 1.23128 1.25795 1.28462 1.31128 1.33795 1.31128 1.28462 1.25795 1.23128 1.20462 1.17795 1.15128 1.12462 1.09795 1.07128 1.04462 1.01795 0.991284 
1.24838 1.24838 1.27504 1.30171 1.32838 1.35504 1.35504 1.32838 1.30171 1.27504 1.24838 1.22171 1.19504 1.16838 1.14171 1.11504 1.08838 1.06171 1.03504 1.00838 
1.25543 1.25543 1.28209 1.30876 1.33543 1.33543 1.30876 1.28209 1.25543 1.22876 1.20209 1.17543 1.14876 1.12209 1.09543 1.06876 1.04209 1.01543 0.988759 0.962093 
1.22589 1.22589 1.25256 1.27923 1.27923 1.25256 1.22589 1.19923 1.17256 1.14589 1.11923 1.09256 1.06589 1.03923 1.01256 0.985893 0.959226 0.93256 0.905893 0.879226 
1.15985 1.15985 1.18652 1.21318 1.18652 1.15985 1.13318 1.10652 1.07985 1.05318 1.02652 0.999849 0.973182 0.946516 0.919849 0.893182 0.866516 0.839849 0.813182 0.786516 
1.05797 1.05797 1.08463 1.08463 1.05797 1.0313 1.00463 0.977968 0.951301 0.924635 0.897968 0.871301 0.844635 0.817968 0.791301 0.764635 0.737968 0.711301 0.684635 0.657968 
0.919876 0.919876 0.919876 0.89321 0.866543 0.839876 0.81321 0.786543 0.759876 0.73321 0.706543 0.679876 0.65321 0.626543 0.599876 0.57321 0.546543 0.519876 0.49321 0.466543 
0.75896 0.75896 0.75896 0.732293 0.705626 0.67896 0.652293 0.625626 0.59896 0.572293 0.545626 0.51896 0.492293 0.465626 0.43896 0.412293 0.385626 0.35896 0.332293 0.305626 
0.594483 0.594483 0.594483 0.567816 0.541149 0.514483 0.487816 0.461149 0.434483 0.407816 0.381149 0.354483 0.327816 0.301149 0.274483 0.247816 0.221149 0.194483 0.167816 0.141149 
0.439501 0.439501 0.466168 0.439501 0.412835 0.386168 0.359501 0.332835 0.306168 0.279501 0.252835 0.226168 0.199501 0.172835 0.146168 0.119501 0.0928346 0.066168 0.0395013 0.0128346 
0.316421 0.316421 0.343088 0.316421 0.289755 0.263088 0.236421 0.209755 0.183088 0.156421 0.129755 0.103088 0.0764212 0.0497545 0.0230879 -0.0035788 -0.0302455 -0.0569121 -0.0835788 -0.110245 
