0.678874 0.678874 0.652207 0.625541 0.598874 0.572207 0.545541 0 0 0 0 0 0 0 0 0 0 0 0 0 
0.459747 0.459747 0.433081 0.406414 0.379747 0.353081 0 0 0 0 0 0 0 0 0 0 0 0 0 0 
0.218877 0.218877 0 0 0 0 0 0 0 0 0 0 0 0 0 0 0 0 0 0 
-0.0371108 -0.0371108 -0.0637775 -0.0904441 -0.117111 -0.143777 -0.170444 -0.197111 -0.223777 0 0 0 0 0 0 0 0 0 0 0 
-0.301468 -0.301468 -0.328134 -0.354801 -0.381468 -0.408134 -0.434801 -0.461468 0 0 0 0 0 0 0 0 0 0 0 0 
-0.566736 -0.566736 -0.593403 -0.620069 -0.646736 -0.673403 -0.700069 -0.726736 0 0 0 0 0 0 0 0 0 0 0 0 
-0.823716 -0.823716 -0.850383 -0.877049 -0.903716 -0.930383 -0.957049 -0.983716 0 0 0 0 0 0 0 0 0 0 0 0 
-1.05978 -1.05978 -1.08645 -1.11311 -1.13978 -1.16645 -1.19311 -1.21978 -1.24645 -1.27311 -1.24645 -1.21978 -1.19311 -1.16645 -1.13978 -1.11311 -1.08645 -1.05978 -1.03311 -1.00645 
-1.25775 -1.25775 -1.28441 -1.31108 -1.33775 -1.36441 -1.39108 0 0 0 0 0 0 0 0 0 0 0 0 0 
-1.41188 -1.41188 -1.43855 -1.46521 -1.49188 -1.51855 -1.54521 0 0 0 0 0 0 0 0 0 0 0 0 0 
-1.5234 -1.5234 -1.55007 -1.57674 -1.6034 -1.63007 -1.65674 0 0 0 0 0 0 0 0 0 0 0 0 0 
-1.59192 -1.59192 -1.61858 -1.64525 -1.67192 0 0 0 0 0 0 0 0 0 0 0 0 0 0 0 
-1.61599 -1.61599 -1.64265 -1.66932 -1.69599 -1.69599 -1.66932 -1.64265 -1.61599 -1.58932 -1.56265 -1.53599 -1.50932 -1.48265 -1.45599 -1.42932 -1.40265 -1.37599 -1.34932 -1.32265 
-1.59474 -1.59474 -1.62141 -1.64808 -1.64808 -1.62141 -1.59474 -1.56808 0 0 0 0 0 0 0 0 0 0 0 0 
-1.52831 -1.52831 -1.55497 -1.58164 -1.55497 -1.52831 -1.50164 -1.47497 0 0 0 0 0 0 0 0 0 0 0 0 
-1.41687 -1.41687 -1.41687 -1.41687 -1.3902 -1.36353 -1.33687 -1.3102 0 0 0 0 0 0 0 0 0 0 0 0 
-1.26127 -1.26127 -1.26127 -1.2346 -1.20794 -1.18127 -1.1546 -1.12794 -1.10127 -1.0746 -1.04794 -1.02127 -0.994604 -0.967938 -0.941271 -0.914604 -0.887938 -0.861271 -0.834604 -0.807938 
-1.07899 -1.07899 -1.05232 -1.02566 -0.998989 -0.972322 -0.945656 -0.918989 -0.892322 -0.865656 -0.838989 -0.812322 -0.785656 -0.758989 -0.732322 -0.705656 -0.678989 -0.652322 -0.625656 -0.598989 
-0.889514 -0.889514 -0.862847 -0.836181 -0.809514 -0.782847 -0.756181 0 0 0 0 0 0 0 0 0 0 0 0 0 
-0.701748 -0.701748 -0.675081 -0.648414 -0.621748 -0.595081 -0.568414 0 0 0 0 0 0 0 0 0 0 0 0 0 
-0.520943 -0.520943 -0.494276 -0.46761 -0.440943 -0.414276 -0.38761 0 0 0 0 0 0 0 0 0 0 0 0 0 
-0.350499 -0.350499 -0.323832 -0.297166 -0.270499 -0.243832 0 0 0 0 0 0 0 0 0 0 0 0 0 0 
-0.193627 -0.193627 -0.16696 -0.140294 0 0 0 0 0 0 0 0 0 0 0 0 0 0 0 0 
-0.0543942 -0.0543942 0 0 0 0 0 0 0 0 0 0 0 0 0 0 0 0 0 0 
0.0618271 0.0618271 0.0884938 0.11516 0.141827 0 0 0 0 0 0 0 0 0 0 0 0 0 0 0 
0.147712 0.147712 0.174378 0.201045 0.227712 0.254378 0 0 0 0 0 0 0 0 0 0 0 0 0 0 
0.197119 0.197119 0.223786 0.250453 0.277119 0.250453 0 0 0 0 0 0 0 0 0 0 0 0 0 0 
0.210864 0.210864 0.237531 0.264198 0.290864 0.264198 0 0 0 0 0 0 0 0 0 0 0 0 0 0 
0.19424 0.19424 0.220907 0.247574 0.220907 0 0 0 0 0 0 0 0 0 0 0 0 0 0 0 
0.163991 0.163991 0.190658 0.163991 0.137325 0.110658 0 0 0 0 0 0 0 0 0 0 0 0 0 0 
