-0.5593 -0.577922 -0.596721 -0.615876 -0.635387 -0.655253 -0.675475 -0.696052 -0.716807 -0.737384 -0.757606 -0.777472 -0.796982 -0.816137 -0.834937 -0.853381 -0.871469 -0.889202 -0.906579 -0.9236 
-0.706715 -0.726912 -0.747288 -0.768018 -0.789105 -0.810547 -0.832344 -0.85432 -0.876117 -0.897559 -0.918645 -0.939376 -0.959752 -0.979771 -0.999435 -1.01874 -1.0377 -1.05629 -1.07454 -1.09242 
-0.863819 -0.884996 -0.906352 -0.928063 -0.950129 -0.972551 -0.995151 -1.01757 -1.03964 -1.06135 -1.08271 -1.10371 -1.12435 -1.14464 -1.16457 -1.18415 -1.20337 -1.22224 -1.24075 -1.25891 
-1.02605 -1.0476 -1.06933 -1.09141 -1.11385 -1.13647 -1.15891 -1.18099 -1.20272 -1.22409 -1.24511 -1.26577 -1.28608 -1.30603 -1.32562 -1.34486 -1.36374 -1.38227 -1.40044 -1.41826 
-1.1888 -1.21012 -1.23161 -1.25345 -1.27566 -1.29786 -1.31971 -1.3412 -1.36233 -1.38311 -1.40354 -1.42361 -1.44332 -1.46268 -1.48168 -1.50033 -1.51862 -1.53656 -1.55414 -1.57136 
-1.34745 -1.36791 -1.38856 -1.40956 -1.43056 -1.45121 -1.47149 -1.49143 -1.51101 -1.53023 -1.5491 -1.56761 -1.58577 -1.60357 -1.62101 -1.6381 -1.65483 -1.67121 -1.68724 -1.7029 
-1.49737 -1.51638 -1.5354 -1.55441 -1.57324 -1.59172 -1.60984 -1.62761 -1.64502 -1.66208 -1.67878 -1.69512 -1.71111 -1.72675 -1.74203 -1.75695 -1.77152 -1.78573 -1.79958 -1.81309 
-1.63397 -1.65092 -1.6677 -1.68411 -1.70018 -1.71588 -1.73123 -1.74623 -1.76087 -1.77515 -1.78908 -1.80265 -1.81587 -1.82873 -1.84124 -1.85339 -1.86518 -1.87662 -1.8877 -1.89843 
-1.75273 -1.76705 -1.7812 -1.79499 -1.80842 -1.8215 -1.83422 -1.84658 -1.85859 -1.87025 -1.88155 -1.89249 -1.90308 -1.91331 -1.92319 -1.93271 -1.94188 -1.95069 -1.95914 -1.96724 
-1.85009 -1.86143 -1.87259 -1.88339 -1.89384 -1.90393 -1.91367 -1.92305 -1.93208 -1.94075 -1.94907 -1.95703 -1.96463 -1.97188 -1.97878 -1.98532 -1.9915 -1.99733 -2.0028 -2.00791 
-1.92405 -1.93221 -1.9402 -1.94783 -1.9551 -1.96202 -1.96858 -1.97479 -1.98064 -1.98614 -1.99128 -1.99607 -2.0005 -2.00457 -2.00829 -2.01165 -2.01466 -2.01731 -2.01961 -2.02155 
-1.97348 -1.97835 -1.98305 -1.98739 -1.99137 -1.995 -1.99827 -2.00118 -2.00375 -2.00595 -2.0078 -2.00929 -2.01043 -2.01122 -2.01164 -2.01171 -2.01143 -2.01079 -2.0098 -2.00845 
-1.99768 -1.99919 -2.00052 -2.0015 -2.00212 -2.00256 -2.00301 -2.00345 -2.00389 -2.00433 -2.00477 -2.00522 -2.00566 -2.0061 -2.00654 -2.00699 -2.00743 -2.00787 -2.00831 -2.00876 
-1.99625 -1.99436 -1.9923 -1.98987 -1.9871 -1.98396 -1.98047 -1.97663 -1.97243 -1.96787 -1.96296 -1.95805 -1.95349 -1.94929 -1.94545 -1.94196 -1.93883 -1.93605 -1.93363 -1.93156 
-1.96915 -1.9639 -1.95847 -1.95269 -1.94655 -1.94006 -1.93321 -1.926 -1.91844 -1.91052 -1.90225 -1.89398 -1.88606 -1.8785 -1.8713 -1.86445 -1.85795 -1.85182 -1.84603 -1.8406 
-1.91718 -1.90875 -1.90015 -1.89119 -1.88188 -1.87221 -1.86219 -1.85181 -1.84107 -1.82998 -1.81889 -1.80816 -1.79778 -1.78775 -1.77809 -1.76877 -1.75982 -1.75122 -1.74297 -1.73508 
-1.84257 -1.8314 -1.82004 -1.80833 -1.79627 -1.78385 -1.77107 -1.75794 -1.74445 -1.73079 -1.7173 -1.70417 -1.69139 -1.67897 -1.66691 -1.6552 -1.64384 -1.63284 -1.6222 -1.61191 
-1.7493 -1.73594 -1.72241 -1.70852 -1.69428 -1.67968 -1.66473 -1.64942 -1.63393 -1.61862 -1.60367 -1.58907 -1.57483 -1.56094 -1.54741 -1.53423 -1.52141 -1.50895 -1.49684 -1.48508 
-1.64165 -1.62668 -1.61152 -1.59602 -1.58015 -1.56394 -1.54736 -1.53061 -1.51404 -1.49782 -1.48196 -1.46645 -1.4513 -1.4365 -1.42206 -1.40798 -1.39425 -1.38087 -1.36785 -1.35519 
-1.52376 -1.5077 -1.49146 -1.47487 -1.45792 -1.44061 -1.42295 -1.40529 -1.38798 -1.37103 -1.35444 -1.3382 -1.32231 -1.30679 -1.29161 -1.2768 -1.26233 -1.24823 -1.23448 -1.22108 
-1.39957 -1.38292 -1.3661 -1.34892 -1.33139 -1.3135 -1.29543 -1.27754 -1.26001 -1.24283 -1.226 -1.20954 -1.19343 -1.17767 -1.16227 -1.14722 -1.13253 -1.1182 -1.10422 -1.0906 
-1.2728 -1.25606 -1.23915 -1.22187 -1.20425 -1.18644 -1.16881 -1.15154 -1.13462 -1.11806 -1.10186 -1.08601 -1.07051 -1.05537 -1.04059 -1.02616 -1.01209 -0.998373 -0.985012 -0.972006 
-1.14718 -1.13083 -1.11431 -1.09743 -1.08037 -1.0635 -1.04697 -1.0308 -1.01499 -0.999537 -0.984436 -0.96969 -0.955301 -0.941267 -0.927588 -0.914265 -0.901298 -0.888686 -0.876429 -0.864529 
-1.02638 -1.01091 -0.995271 -0.979273 -0.963275 -0.947633 -0.932346 -0.917414 -0.902839 -0.888618 -0.874754 -0.861245 -0.848091 -0.835293 -0.822851 -0.810764 -0.799032 -0.787657 -0.776636 -0.765972 
-0.914065 -0.899958 -0.885674 -0.871213 -0.856929 -0.843 -0.829427 -0.81621 -0.803348 -0.790842 -0.778691 -0.766896 -0.755456 -0.744372 -0.733644 -0.723271 -0.713254 -0.703592 -0.694286 -0.685335 
-0.813871 -0.801606 -0.789341 -0.777254 -0.765522 -0.754146 -0.743126 -0.732461 -0.722151 -0.712197 -0.702599 -0.693356 -0.684469 -0.675937 -0.667761 -0.65994 -0.652475 -0.645366 -0.638612 -0.632214 
-0.729025 -0.718905 -0.708786 -0.698844 -0.689258 -0.680027 -0.671152 -0.662633 -0.654469 -0.646661 -0.639208 -0.632111 -0.625369 -0.618983 -0.612952 -0.607277 -0.601958 -0.596994 -0.592385 -0.588133 
-0.660669 -0.652743 -0.644816 -0.637068 -0.629675 -0.622637 -0.615955 -0.609629 -0.603658 -0.598042 -0.592783 -0.587879 -0.58333 -0.579137 -0.575299 -0.571817 -0.568691 -0.56592 -0.563505 -0.561445 
-0.608659 -0.602799 -0.596761 -0.590723 -0.585041 -0.579714 -0.574743 -0.570127 -0.565867 -0.561963 -0.558414 -0.555221 -0.552383 -0.549901 -0.547774 -0.546003 -0.544587 -0.543527 -0.542823 -0.542474 
-0.570742 -0.566523 -0.562126 -0.55773 -0.553689 -0.550003 -0.546673 -0.543698 -0.541079 -0.538816 -0.536908 -0.535356 -0.534159 -0.533318 -0.532832 -0.532702 -0.532928 -0.533509 -0.534445 -0.535738 
