0.897397 0.906449 0.915323 0.923841 0.932004 0.939811 0.947263 0.954359 0.9611 0.967485 0.973514 0.979188 0.984506 0.989469 0.994076 0.998328 1.00222 1.00576 1.00895 1.01178 
0.955116 0.961246 0.967198 0.972795 0.978036 0.982922 0.987452 0.991626 0.995445 0.998908 1.00202 1.00477 1.00716 1.00921 1.01089 1.01222 1.0132 1.01381 1.01408 1.01399 
0.989545 0.992463 0.995204 0.997589 0.999618 1.00129 1.00261 1.00357 1.00418 1.00461 1.00504 1.00547 1.0059 1.00633 1.00676 1.00719 1.00762 1.00805 1.00848 1.0089 
0.998824 0.998329 0.997657 0.996629 0.995245 0.993506 0.991411 0.988961 0.986155 0.982993 0.979476 0.975604 0.971731 0.968214 0.965052 0.962246 0.959796 0.957701 0.955962 0.954578 
0.981765 0.977746 0.973548 0.968995 0.964087 0.958823 0.953203 0.947228 0.940897 0.934211 0.927169 0.920128 0.913441 0.907111 0.901136 0.895516 0.890252 0.885344 0.880791 0.876593 
0.937889 0.930333 0.922598 0.914508 0.906063 0.897262 0.888106 0.878594 0.868726 0.858503 0.847924 0.837345 0.827122 0.817255 0.807743 0.798586 0.789785 0.78134 0.77325 0.765516 
0.867548 0.856566 0.845405 0.833889 0.822017 0.80979 0.797207 0.784268 0.770974 0.757325 0.743675 0.730381 0.717443 0.70486 0.692633 0.680761 0.669245 0.658084 0.647279 0.636829 
0.772179 0.758048 0.74374 0.729077 0.714057 0.698682 0.682952 0.666866 0.650425 0.633628 0.61683 0.600389 0.584303 0.568573 0.553198 0.538179 0.523515 0.509207 0.495254 0.481657 
0.654757 0.637987 0.621039 0.603736 0.586077 0.568063 0.549693 0.530967 0.511886 0.492805 0.47408 0.45571 0.437695 0.420036 0.402733 0.385785 0.369193 0.352957 0.337075 0.32155 
0.519564 0.500739 0.481736 0.462378 0.442664 0.422594 0.402169 0.381389 0.36043 0.33965 0.319225 0.299155 0.279441 0.260083 0.24108 0.222433 0.204141 0.186205 0.168624 0.151399 
0.370961 0.350649 0.330159 0.309313 0.288112 0.266556 0.244644 0.222554 0.200642 0.179086 0.157885 0.137039 0.116549 0.0964152 0.0766365 0.0572133 0.0381457 0.0194337 0.00107721 -0.0169237 
0.213253 0.192028 0.170624 0.148866 0.126751 0.104281 0.0816333 0.0591633 0.0370488 0.0152899 -0.00611344 -0.0271612 -0.0478535 -0.0681902 -0.0881713 -0.107797 -0.127067 -0.145981 -0.16454 -0.182744 
0.050861 0.0293145 0.00759022 -0.0144896 -0.036925 -0.0595382 -0.0819736 -0.104053 -0.125778 -0.147146 -0.16816 -0.188817 -0.209119 -0.229066 -0.248657 -0.267892 -0.286772 -0.305296 -0.323465 -0.341278 
-0.111673 -0.132936 -0.154377 -0.176174 -0.198148 -0.219945 -0.241386 -0.262471 -0.283201 -0.303576 -0.323594 -0.343258 -0.362565 -0.381518 -0.400114 -0.418355 -0.436241 -0.453771 -0.470945 -0.487764 
-0.269783 -0.290161 -0.310716 -0.331627 -0.352537 -0.373093 -0.393292 -0.413136 -0.432625 -0.451758 -0.470535 -0.488957 -0.507023 -0.524734 -0.542089 -0.559089 -0.575733 -0.592022 -0.607955 -0.623532 
-0.418907 -0.437798 -0.45669 -0.475581 -0.494295 -0.512653 -0.530656 -0.548303 -0.565595 -0.582531 -0.599111 -0.615336 -0.631205 -0.646719 -0.661877 -0.67668 -0.691127 -0.705219 -0.718955 -0.732335 
-0.554528 -0.571345 -0.588162 -0.604801 -0.621085 -0.637013 -0.652585 -0.667802 -0.682664 -0.697169 -0.71132 -0.725114 -0.738554 -0.751637 -0.764365 -0.776738 -0.788755 -0.800416 -0.811722 -0.822672 
-0.672839 -0.687226 -0.701435 -0.715288 -0.728785 -0.741927 -0.754714 -0.767145 -0.77922 -0.79094 -0.802305 -0.813313 -0.823966 -0.834264 -0.844206 -0.853793 -0.863024 -0.871899 -0.880419 -0.888583 
-0.772273 -0.784134 -0.795816 -0.807143 -0.818114 -0.82873 -0.83899 -0.848895 -0.858444 -0.867637 -0.876475 -0.884958 -0.893085 -0.900856 -0.908272 -0.915332 -0.922036 -0.928385 -0.934379 -0.940017 
-0.8526 -0.861957 -0.871136 -0.879959 -0.888427 -0.896539 -0.904295 -0.911697 -0.918742 -0.925432 -0.931766 -0.937745 -0.943369 -0.948636 -0.953549 -0.958105 -0.962306 -0.966152 -0.969642 -0.972776 
-0.914277 -0.921223 -0.927991 -0.934404 -0.940461 -0.946162 -0.951508 -0.956498 -0.961133 -0.965412 -0.969336 -0.972904 -0.976117 -0.978974 -0.981475 -0.983621 -0.985411 -0.986846 -0.987925 -0.988649 
-0.958189 -0.962863 -0.967358 -0.971498 -0.975283 -0.978711 -0.981785 -0.984503 -0.986865 -0.989227 -0.991589 -0.993596 -0.995247 -0.996542 -0.997482 -0.998067 -0.998296 -0.998169 -0.997687 -0.996849 
-0.985541 -0.988122 -0.990526 -0.992575 -0.994267 -0.995605 -0.996586 -0.997213 -0.997483 -0.997754 -0.99838 -0.999362 -1.00034 -1.00097 -1.00124 -1.00115 -1.00071 -1.00027 -1.00019 -1.00046 
-0.997898 -0.998624 -0.999349 -1.00007 -1.0008 -1.00152 -1.00225 -1.00298 -1.0037 -1.00443 -1.00515 -1.00588 -1.0066 -1.00733 -1.00805 -1.00878 -1.0095 -1.01023 -1.01095 -1.01168 
-0.997302 -0.996478 -0.995476 -0.994118 -0.992405 -0.990336 -0.987912 -0.985488 -0.983419 -0.981705 -0.980348 -0.979346 -0.978699 -0.978408 -0.978473 -0.978893 -0.979668 -0.980799 -0.982286 -0.983773 
-0.986427 -0.984457 -0.98231 -0.979807 -0.976949 -0.973735 -0.970521 -0.967662 -0.96516 -0.963012 -0.961221 -0.959784 -0.958704 -0.957979 -0.957609 -0.957595 -0.957937 -0.958634 -0.959687 -0.961095 
-0.968707 -0.966079 -0.963273 -0.960111 -0.956594 -0.953077 -0.949916 -0.94711 -0.944659 -0.942564 -0.940825 -0.939441 -0.938413 -0.93774 -0.937423 -0.937461 -0.937855 -0.938605 -0.93971 -0.94117 
-0.947808 -0.944997 -0.942007 -0.938662 -0.934962 -0.931262 -0.927917 -0.924927 -0.922294 -0.920015 -0.918093 -0.916526 -0.915314 -0.914458 -0.913958 -0.913813 -0.914024 -0.91459 -0.915512 -0.916789 
-0.927162 -0.924572 -0.921805 -0.918682 -0.915558 -0.912791 -0.910379 -0.908322 -0.906621 -0.905276 -0.904286 -0.903652 -0.903373 -0.90345 -0.903882 -0.90467 -0.905813 -0.906957 -0.907745 -0.908177 
-0.909 -0.906813 -0.904449 -0.902085 -0.900076 -0.898423 -0.897125 -0.895827 -0.894174 -0.892343 -0.89069 -0.889392 -0.88845 -0.887864 -0.887633 -0.887757 -0.888237 -0.889073 -0.889909 -0.890389 
